       209: (  0,  0,  0,  0) #00000000 none
         1: (  0,  0,  0,  1) #00000001 srgba(0,0,0,0)
         1: (  0,127,127,  2) #007F7F02 srgba(0,127,127,0)
         4: (  0,255,255,  1) #00FFFF01 srgba(0,255,255,0)
        10: ( 12,110,154, 81) #0C6E9A51 srgba(12,110,154,0)
         2: ( 13,110,155,115) #0D6E9B73 srgba(13,110,155,0)
         3: ( 13,110,156,173) #0D6E9CAD srgba(13,110,156,1)
         1: ( 13,110,156,244) #0D6E9CF4 srgba(13,110,156,1)
         5: ( 13,111,156,165) #0D6F9CA5 srgba(13,111,156,1)
         1: ( 13,111,156,202) #0D6F9CCA srgba(13,111,156,1)
         1: ( 14,110,155,244) #0E6E9BF4 srgba(14,110,155,1)
        11: ( 14,111,155,197) #0E6F9BC5 srgba(14,111,155,1)
         1: ( 14,111,155,242) #0E6F9BF2 srgba(14,111,155,1)
      1074: ( 14,111,156,255) #0E6F9C srgba(14,111,156,1)
         2: ( 14,111,156,140) #0E6F9C8C srgba(14,111,156,1)
         1: ( 14,111,156,174) #0E6F9CAE srgba(14,111,156,1)
         1: ( 14,111,157,224) #0E6F9DE0 srgba(14,111,157,1)
         1: ( 15,110,154, 81) #0F6E9A51 srgba(15,110,154,0)
         3: ( 15,111,155, 82) #0F6F9B52 srgba(15,111,155,0)
         1: ( 15,111,155,252) #0F6F9BFC srgba(15,111,155,1)
         1: ( 15,111,155,236) #0F6F9BEC srgba(15,111,155,1)
         6: ( 15,111,156,255) #0F6F9C srgba(15,111,156,1)
         2: ( 15,111,156,253) #0F6F9CFD srgba(15,111,156,1)
         1: ( 15,111,156,247) #0F6F9CF7 srgba(15,111,156,1)
         1: ( 15,111,156, 80) #0F6F9C50 srgba(15,111,156,0)
         1: ( 15,111,158, 82) #0F6F9E52 srgba(15,111,158,0)
         5: ( 15,112,156,255) #0F709C srgba(15,112,156,1)
         1: ( 15,112,156,247) #0F709CF7 srgba(15,112,156,1)
         4: ( 15,112,157,255) #0F709D srgba(15,112,157,1)
         1: ( 16,111,156,253) #106F9CFD srgba(16,111,156,1)
         1: ( 16,111,156,221) #106F9CDD srgba(16,111,156,1)
         2: ( 16,112,156,254) #10709CFE srgba(16,112,156,1)
         2: ( 16,112,156,252) #10709CFC srgba(16,112,156,1)
         2: ( 16,112,156,197) #10709CC5 srgba(16,112,156,1)
         1: ( 16,112,156,244) #10709CF4 srgba(16,112,156,1)
         1: ( 16,112,156,165) #10709CA5 srgba(16,112,156,1)
         9: ( 16,112,157,255) #10709D srgba(16,112,157,1)
         1: ( 16,112,157,249) #10709DF9 srgba(16,112,157,1)
         1: ( 16,112,157,107) #10709D6B srgba(16,112,157,0)
         1: ( 17,110,156, 44) #116E9C2C srgba(17,110,156,0)
         1: ( 17,112,156,236) #11709CEC srgba(17,112,156,1)
         1: ( 17,112,157,229) #11709DE5 srgba(17,112,157,1)
         3: ( 17,113,157,255) #11719D srgba(17,113,157,1)
         1: ( 17,113,157,241) #11719DF1 srgba(17,113,157,1)
         1: ( 18,113,157,255) #12719D srgba(18,113,157,1)
         1: ( 18,113,157,222) #12719DDE srgba(18,113,157,1)
         1: ( 18,113,158,255) #12719E srgba(18,113,158,1)
         1: ( 18,113,158,242) #12719EF2 srgba(18,113,158,1)
         1: ( 19,113,157,247) #13719DF7 srgba(19,113,157,1)
         1: ( 19,113,158,238) #13719EEE srgba(19,113,158,1)
         2: ( 19,114,157,239) #13729DEF srgba(19,114,157,1)
         1: ( 19,114,157,247) #13729DF7 srgba(19,114,157,1)
         1: ( 19,114,157,199) #13729DC7 srgba(19,114,157,1)
         2: ( 19,114,158,255) #13729E srgba(19,114,158,1)
         1: ( 19,114,158,233) #13729EE9 srgba(19,114,158,1)
         1: ( 19,114,158,129) #13729E81 srgba(19,114,158,1)
         1: ( 19,115,158,246) #13739EF6 srgba(19,115,158,1)
         1: ( 20,114,157,189) #14729DBD srgba(20,114,157,1)
         2: ( 20,114,158,255) #14729E srgba(20,114,158,1)
         1: ( 20,114,158,244) #14729EF4 srgba(20,114,158,1)
         1: ( 20,114,158,242) #14729EF2 srgba(20,114,158,1)
         1: ( 20,114,158,233) #14729EE9 srgba(20,114,158,1)
         1: ( 20,114,158,231) #14729EE7 srgba(20,114,158,1)
         1: ( 20,114,158,213) #14729ED5 srgba(20,114,158,1)
         1: ( 20,114,158,111) #14729E6F srgba(20,114,158,0)
         1: ( 20,114,159,178) #14729FB2 srgba(20,114,159,1)
         1: ( 20,115,158,237) #14739EED srgba(20,115,158,1)
         1: ( 20,115,158,201) #14739EC9 srgba(20,115,158,1)
         1: ( 21,114,158,182) #15729EB6 srgba(21,114,158,1)
         4: ( 21,115,159,255) #15739F srgba(21,115,159,1)
         1: ( 21,115,159,238) #15739FEE srgba(21,115,159,1)
         1: ( 21,115,159,232) #15739FE8 srgba(21,115,159,1)
         1: ( 21,115,159,229) #15739FE5 srgba(21,115,159,1)
         1: ( 21,115,159,186) #15739FBA srgba(21,115,159,1)
         1: ( 21,115,159,152) #15739F98 srgba(21,115,159,1)
         1: ( 22,115,159,205) #16739FCD srgba(22,115,159,1)
         1: ( 22,115,159,157) #16739F9D srgba(22,115,159,1)
         1: ( 22,115,159,126) #16739F7E srgba(22,115,159,0)
         1: ( 22,115,160,137) #1673A089 srgba(22,115,160,1)
         1: ( 22,116,159,255) #16749F srgba(22,116,159,1)
         1: ( 22,116,159,243) #16749FF3 srgba(22,116,159,1)
         1: ( 22,116,159,202) #16749FCA srgba(22,116,159,1)
         1: ( 22,116,159,189) #16749FBD srgba(22,116,159,1)
         1: ( 23,115,139, 11) #17738B0B srgba(23,115,139,0)
         1: ( 23,115,159,165) #17739FA5 srgba(23,115,159,1)
         1: ( 23,115,160,154) #1773A09A srgba(23,115,160,1)
         1: ( 23,115,160,108) #1773A06C srgba(23,115,160,0)
         1: ( 23,115,162, 33) #1773A221 srgba(23,115,162,0)
         1: ( 23,116,159,208) #17749FD0 srgba(23,116,159,1)
         1: ( 23,116,159,177) #17749FB1 srgba(23,116,159,1)
         2: ( 23,116,160,151) #1774A097 srgba(23,116,160,1)
         1: ( 23,116,160,255) #1774A0 srgba(23,116,160,1)
         1: ( 23,116,160,242) #1774A0F2 srgba(23,116,160,1)
         1: ( 23,117,161,174) #1775A1AE srgba(23,117,161,1)
         1: ( 24,116,160,194) #1874A0C2 srgba(24,116,160,1)
         1: ( 24,117,159,200) #18759FC8 srgba(24,117,159,1)
         4: ( 24,117,160,255) #1875A0 srgba(24,117,160,1)
         1: ( 24,118,160,205) #1876A0CD srgba(24,118,160,1)
         1: ( 25,117,160,191) #1975A0BF srgba(25,117,160,1)
         1: ( 25,117,160,159) #1975A09F srgba(25,117,160,1)
         1: ( 25,118,160,140) #1976A08C srgba(25,118,160,1)
         1: ( 25,118,161,242) #1976A1F2 srgba(25,118,161,1)
         1: ( 25,119,161, 79) #1977A14F srgba(25,119,161,0)
         1: ( 26,117,161,147) #1A75A193 srgba(26,117,161,1)
         1: ( 26,118,160,235) #1A76A0EB srgba(26,118,160,1)
         1: ( 26,118,161,161) #1A76A1A1 srgba(26,118,161,1)
         1: ( 27,118,161,245) #1B76A1F5 srgba(27,118,161,1)
         1: ( 27,118,161,177) #1B76A1B1 srgba(27,118,161,1)
         1: ( 27,118,161, 82) #1B76A152 srgba(27,118,161,0)
         1: ( 27,118,162,217) #1B76A2D9 srgba(27,118,162,1)
         1: ( 27,119,161,156) #1B77A19C srgba(27,119,161,1)
         1: ( 27,119,161,137) #1B77A189 srgba(27,119,161,1)
         1: ( 27,120,162,129) #1B78A281 srgba(27,120,162,1)
         1: ( 27,120,162,121) #1B78A279 srgba(27,120,162,0)
         1: ( 28,118,160,116) #1C76A074 srgba(28,118,160,0)
         1: ( 28,118,161,163) #1C76A1A3 srgba(28,118,161,1)
         1: ( 28,118,161,159) #1C76A19F srgba(28,118,161,1)
         1: ( 28,119,161,190) #1C77A1BE srgba(28,119,161,1)
         4: ( 28,119,162,255) #1C77A2 srgba(28,119,162,1)
         1: ( 28,119,162,173) #1C77A2AD srgba(28,119,162,1)
         1: ( 28,119,162,107) #1C77A26B srgba(28,119,162,0)
         1: ( 28,120,162,163) #1C78A2A3 srgba(28,120,162,1)
         1: ( 28,120,163,172) #1C78A3AC srgba(28,120,163,1)
         1: ( 28,121,162,107) #1C79A26B srgba(28,121,162,0)
         1: ( 29,118,160, 86) #1D76A056 srgba(29,118,160,0)
         1: ( 29,120,161,222) #1D78A1DE srgba(29,120,161,1)
         2: ( 29,120,162,255) #1D78A2 srgba(29,120,162,1)
         1: ( 29,120,162,216) #1D78A2D8 srgba(29,120,162,1)
         1: ( 29,120,162,138) #1D78A28A srgba(29,120,162,1)
         1: ( 29,121,163,181) #1D79A3B5 srgba(29,121,163,1)
         1: ( 29,121,163,103) #1D79A367 srgba(29,121,163,0)
         1: ( 30,119,162,168) #1E77A2A8 srgba(30,119,162,1)
         1: ( 30,120,162,207) #1E78A2CF srgba(30,120,162,1)
         1: ( 30,120,162,102) #1E78A266 srgba(30,120,162,0)
         1: ( 30,121,162,143) #1E79A28F srgba(30,121,162,1)
         1: ( 30,121,163,219) #1E79A3DB srgba(30,121,163,1)
         1: ( 30,121,163,136) #1E79A388 srgba(30,121,163,1)
         1: ( 30,121,163, 92) #1E79A35C srgba(30,121,163,0)
         1: ( 30,122,163, 25) #1E7AA319 srgba(30,122,163,0)
         1: ( 31,119,161, 49) #1F77A131 srgba(31,119,161,0)
         1: ( 31,121,162, 88) #1F79A258 srgba(31,121,162,0)
         1: ( 31,121,163,255) #1F79A3 srgba(31,121,163,1)
         1: ( 31,121,164,138) #1F79A48A srgba(31,121,164,1)
         1: ( 31,121,164, 90) #1F79A45A srgba(31,121,164,0)
         1: ( 31,122,163,210) #1F7AA3D2 srgba(31,122,163,1)
         1: ( 32,121,162,191) #2079A2BF srgba(32,121,162,1)
         1: ( 32,121,163,178) #2079A3B2 srgba(32,121,163,1)
         1: ( 32,121,164,197) #2079A4C5 srgba(32,121,164,1)
         1: ( 32,122,163,165) #207AA3A5 srgba(32,122,163,1)
         1: ( 32,122,163,117) #207AA375 srgba(32,122,163,0)
         1: ( 32,122,164,255) #207AA4 srgba(32,122,164,1)
         1: ( 32,122,164,244) #207AA4F4 srgba(32,122,164,1)
         1: ( 33,122,164,135) #217AA487 srgba(33,122,164,1)
         1: ( 33,123,163,165) #217BA3A5 srgba(33,123,163,1)
         1: ( 34,123,164,246) #227BA4F6 srgba(34,123,164,1)
         1: ( 34,123,164,169) #227BA4A9 srgba(34,123,164,1)
         1: ( 34,123,166,118) #227BA676 srgba(34,123,166,0)
         1: ( 34,124,164, 82) #227CA452 srgba(34,124,164,0)
         2: ( 35,123,164,107) #237BA46B srgba(35,123,164,0)
         1: ( 36,122,164,141) #247AA48D srgba(36,122,164,1)
         2: ( 36,124,165,255) #247CA5 srgba(36,124,165,1)
         1: ( 36,125,166,138) #247DA68A srgba(36,125,166,1)
         1: ( 37,125,165,163) #257DA5A3 srgba(37,125,165,1)
         1: ( 37,125,165,156) #257DA59C srgba(37,125,165,1)
         1: ( 37,125,166,255) #257DA6 srgba(37,125,166,1)
         1: ( 38,125,166,112) #267DA670 srgba(38,125,166,0)
         1: ( 39,119,159, 32) #27779F20 srgba(39,119,159,0)
         1: ( 39,126,166,115) #277EA673 srgba(39,126,166,0)
         1: ( 39,127,166, 84) #277FA654 srgba(39,127,166,0)
         1: ( 40,125,166, 81) #287DA651 srgba(40,125,166,0)
         1: ( 40,126,166,255) #287EA6 srgba(40,126,166,1)
         1: ( 40,126,167,255) #287EA7 srgba(40,126,167,1)
         2: ( 40,127,167, 76) #287FA74C srgba(40,127,167,0)
         1: ( 40,127,168, 56) #287FA838 srgba(40,127,168,0)
         1: ( 40,130,170, 51) #2882AA33 srgba(40,130,170,0)
         1: ( 41,127,166,104) #297FA668 srgba(41,127,166,0)
         1: ( 41,127,167,255) #297FA7 srgba(41,127,167,1)
         1: ( 41,127,168, 68) #297FA844 srgba(41,127,168,0)
         1: ( 41,127,169,104) #297FA968 srgba(41,127,169,0)
         1: ( 41,130,166, 43) #2982A62B srgba(41,130,166,0)
         1: ( 42,127,166, 84) #2A7FA654 srgba(42,127,166,0)
         1: ( 42,127,170,  6) #2A7FAA06 srgba(42,127,170,0)
         1: ( 42,128,168,197) #2A80A8C5 srgba(42,128,168,1)
         1: ( 43,127,167, 76) #2B7FA74C srgba(43,127,167,0)
         1: ( 43,129,167,140) #2B81A78C srgba(43,129,167,1)
         1: ( 43,129,168,112) #2B81A870 srgba(43,129,168,0)
         1: ( 44,127,168, 80) #2C7FA850 srgba(44,127,168,0)
         1: ( 44,127,169, 92) #2C7FA95C srgba(44,127,169,0)
         1: ( 44,129,168,165) #2C81A8A5 srgba(44,129,168,1)
         1: ( 44,129,169,220) #2C81A9DC srgba(44,129,169,1)
         1: ( 45,129,169,173) #2D81A9AD srgba(45,129,169,1)
         1: ( 45,129,171, 67) #2D81AB43 srgba(45,129,171,0)
         1: ( 46,115,162, 11) #2E73A20B srgba(46,115,162,0)
         1: ( 46,127,168, 44) #2E7FA82C srgba(46,127,168,0)
         1: ( 46,129,168, 83) #2E81A853 srgba(46,129,168,0)
         2: ( 46,130,169,255) #2E82A9 srgba(46,130,169,1)
         1: ( 46,130,169,147) #2E82A993 srgba(46,130,169,1)
         1: ( 47,127,159, 16) #2F7F9F10 srgba(47,127,159,0)
         1: ( 47,130,169,255) #2F82A9 srgba(47,130,169,1)
         1: ( 47,130,169,168) #2F82A9A8 srgba(47,130,169,1)
         1: ( 47,130,169,123) #2F82A97B srgba(47,130,169,0)
         1: ( 47,131,169,128) #2F83A980 srgba(47,131,169,1)
         1: ( 47,131,170,255) #2F83AA srgba(47,131,170,1)
         1: ( 47,132,169, 27) #2F84A91B srgba(47,132,169,0)
         1: ( 48,130,168, 74) #3082A84A srgba(48,130,168,0)
         1: ( 48,131,170,255) #3083AA srgba(48,131,170,1)
         1: ( 48,131,170,173) #3083AAAD srgba(48,131,170,1)
         1: ( 48,132,171, 73) #3084AB49 srgba(48,132,171,0)
         1: ( 48,133,169,111) #3085A96F srgba(48,133,169,0)
         3: ( 49,132,170,197) #3184AAC5 srgba(49,132,170,1)
         1: ( 49,132,170,255) #3184AA srgba(49,132,170,1)
         1: ( 49,134,169, 36) #3186A924 srgba(49,134,169,0)
         1: ( 50,132,170,112) #3284AA70 srgba(50,132,170,0)
         1: ( 50,133,171,255) #3285AB srgba(50,133,171,1)
         1: ( 50,134,170,106) #3286AA6A srgba(50,134,170,0)
         1: ( 50,135,169, 45) #3287A92D srgba(50,135,169,0)
         1: ( 50,135,173, 75) #3287AD4B srgba(50,135,173,0)
         1: ( 51,133,171,255) #3385AB srgba(51,133,171,1)
         1: ( 51,133,172, 59) #3385AC3B srgba(51,133,172,0)
         1: ( 52,133,174, 82) #3485AE52 srgba(52,133,174,0)
         2: ( 52,134,172,255) #3486AC srgba(52,134,172,1)
         1: ( 54,127,163, 14) #367FA30E srgba(54,127,163,0)
         1: ( 54,131,169, 33) #3683A921 srgba(54,131,169,0)
         1: ( 54,135,173, 66) #3687AD42 srgba(54,135,173,0)
         1: ( 55,135,173,255) #3787AD srgba(55,135,173,1)
         1: ( 56,136,173,255) #3888AD srgba(56,136,173,1)
         1: ( 56,141,169,  9) #388DA909 srgba(56,141,169,0)
         1: ( 57,131,172, 31) #3983AC1F srgba(57,131,172,0)
         1: ( 57,137,174,255) #3989AE srgba(57,137,174,1)
         1: ( 59,139,174, 73) #3B8BAE49 srgba(59,139,174,0)
         1: ( 60,138,173, 72) #3C8AAD48 srgba(60,138,173,0)
         2: ( 60,138,175,255) #3C8AAF srgba(60,138,175,1)
         2: ( 62,141,176, 65) #3E8DB041 srgba(62,141,176,0)
         1: ( 63,127,159,  8) #3F7F9F08 srgba(63,127,159,0)
         1: ( 63,141,176,255) #3F8DB0 srgba(63,141,176,1)
         1: ( 64,140,175, 67) #408CAF43 srgba(64,140,175,0)
         1: ( 64,141,176,255) #408DB0 srgba(64,141,176,1)
         1: ( 64,141,177,255) #408DB1 srgba(64,141,177,1)
         1: ( 65,148,180, 31) #4194B41F srgba(65,148,180,0)
         1: ( 66,142,178,107) #428EB26B srgba(66,142,178,0)
         1: ( 68,137,176, 26) #4489B01A srgba(68,137,176,0)
         1: ( 68,143,177, 82) #448FB152 srgba(68,143,177,0)
         1: ( 68,143,178,255) #448FB2 srgba(68,143,178,1)
         1: ( 69,139,185, 11) #458BB90B srgba(69,139,185,0)
         1: ( 70,141,169, 18) #468DA912 srgba(70,141,169,0)
         1: ( 71,142,178, 50) #478EB232 srgba(71,142,178,0)
         1: ( 71,145,179,255) #4791B3 srgba(71,145,179,1)
         1: ( 71,145,179,252) #4791B3FC srgba(71,145,179,1)
         1: ( 71,145,180,255) #4791B4 srgba(71,145,180,1)
         1: ( 72,145,182, 84) #4891B654 srgba(72,145,182,0)
         1: ( 72,145,182, 14) #4891B60E srgba(72,145,182,0)
         4: ( 73,146,180,255) #4992B4 srgba(73,146,180,1)
         1: ( 74,147,181,255) #4A93B5 srgba(74,147,181,1)
         1: ( 74,148,180, 62) #4A94B43E srgba(74,148,180,0)
         1: ( 78,147,182, 81) #4E93B651 srgba(78,147,182,0)
         1: ( 78,149,182,255) #4E95B6 srgba(78,149,182,1)
         1: ( 80,151,183,255) #5097B7 srgba(80,151,183,1)
         1: ( 81,152,183, 25) #5198B719 srgba(81,152,183,0)
         1: ( 83,152,184,255) #5398B8 srgba(83,152,184,1)
         1: ( 84,155,184, 18) #549BB812 srgba(84,155,184,0)
         1: ( 85,170,170,  3) #55AAAA03 srgba(85,170,170,0)
         1: ( 87,155,186, 82) #579BBA52 srgba(87,155,186,0)
         1: ( 89,156,187,255) #599CBB srgba(89,156,187,1)
         2: ( 90,156,187,255) #5A9CBB srgba(90,156,187,1)
         1: ( 90,157,187,255) #5A9DBB srgba(90,157,187,1)
         1: ( 91,157,188,255) #5B9DBC srgba(91,157,188,1)
         1: ( 92,162,185, 11) #5CA2B90B srgba(92,162,185,0)
         1: ( 93,158,188,255) #5D9EBC srgba(93,158,188,1)
         1: ( 94,159,189,255) #5E9FBD srgba(94,159,189,1)
         1: ( 95,160,189,255) #5FA0BD srgba(95,160,189,1)
         2: ( 96,160,190,255) #60A0BE srgba(96,160,190,1)
         1: ( 97,160,190,255) #61A0BE srgba(97,160,190,1)
         1: ( 97,161,190,255) #61A1BE srgba(97,161,190,1)
         1: (102,163,192,255) #66A3C0 srgba(102,163,192,1)
         1: (103,164,193,255) #67A4C1 srgba(103,164,193,1)
         1: (105,165,195, 34) #69A5C322 srgba(105,165,195,0)
         3: (106,166,194,255) #6AA6C2 srgba(106,166,194,1)
         1: (106,170,191, 12) #6AAABF0C srgba(106,170,191,0)
         1: (110,170,195, 51) #6EAAC333 srgba(110,170,195,0)
         2: (111,169,196,255) #6FA9C4 srgba(111,169,196,1)
         1: (115,171,199, 82) #73ABC752 srgba(115,171,199,0)
         1: (116,172,198,255) #74ACC6 srgba(116,172,198,1)
         1: (117,172,198,255) #75ACC6 srgba(117,172,198,1)
         1: (117,176,196, 13) #75B0C40D srgba(117,176,196,0)
         1: (118,173,199,255) #76ADC7 srgba(118,173,199,1)
         1: (120,174,199,255) #78AEC7 srgba(120,174,199,1)
         1: (120,175,200,255) #78AFC8 srgba(120,175,200,1)
         2: (121,175,200,255) #79AFC8 srgba(121,175,200,1)
         1: (124,177,201,255) #7CB1C9 srgba(124,177,201,1)
         1: (127,178,202,255) #7FB2CA srgba(127,178,202,1)
         1: (127,178,204, 10) #7FB2CC0A srgba(127,178,204,0)
         1: (127,182,218, 14) #7FB6DA0E srgba(127,182,218,0)
         1: (127,212,212,  6) #7FD4D406 srgba(127,212,212,0)
         1: (128,179,203,255) #80B3CB srgba(128,179,203,1)
         1: (131,181,204,255) #83B5CC srgba(131,181,204,1)
         2: (132,181,204,255) #84B5CC srgba(132,181,204,1)
         1: (132,182,205,255) #84B6CD srgba(132,182,205,1)
         1: (134,182,205,255) #86B6CD srgba(134,182,205,1)
         2: (135,183,206,255) #87B7CE srgba(135,183,206,1)
         1: (136,184,206,255) #88B8CE srgba(136,184,206,1)
         1: (137,185,207,255) #89B9CF srgba(137,185,207,1)
         2: (141,187,208,255) #8DBBD0 srgba(141,187,208,1)
         1: (144,189,210,255) #90BDD2 srgba(144,189,210,1)
         1: (145,189,210,255) #91BDD2 srgba(145,189,210,1)
         1: (149,192,211,255) #95C0D3 srgba(149,192,211,1)
         1: (150,192,212,255) #96C0D4 srgba(150,192,212,1)
         1: (153,194,213,255) #99C2D5 srgba(153,194,213,1)
         2: (158,197,215,255) #9EC5D7 srgba(158,197,215,1)
         1: (162,199,217,255) #A2C7D9 srgba(162,199,217,1)
         1: (165,201,218,255) #A5C9DA srgba(165,201,218,1)
         1: (168,203,219,255) #A8CBDB srgba(168,203,219,1)
         1: (170,204,220,255) #AACCDC srgba(170,204,220,1)
         1: (174,206,222,255) #AECEDE srgba(174,206,222,1)
         1: (174,207,222,255) #AECFDE srgba(174,207,222,1)
         1: (176,208,223,255) #B0D0DF srgba(176,208,223,1)
         1: (177,208,223,255) #B1D0DF srgba(177,208,223,1)
         1: (178,209,223,255) #B2D1DF srgba(178,209,223,1)
         1: (181,211,225,255) #B5D3E1 srgba(181,211,225,1)
         1: (184,213,226,255) #B8D5E2 srgba(184,213,226,1)
         1: (185,213,226,255) #B9D5E2 srgba(185,213,226,1)
         1: (193,218,230,255) #C1DAE6 srgba(193,218,230,1)
         1: (197,221,231,255) #C5DDE7 srgba(197,221,231,1)
         2: (198,221,232,255) #C6DDE8 srgba(198,221,232,1)
         1: (200,222,232,255) #C8DEE8 srgba(200,222,232,1)
         1: (205,225,234,255) #CDE1EA srgba(205,225,234,1)
         1: (208,227,236,255) #D0E3EC srgba(208,227,236,1)
         1: (209,227,236,255) #D1E3EC srgba(209,227,236,1)
         1: (212,229,237,255) #D4E5ED srgba(212,229,237,1)
         1: (216,232,239,255) #D8E8EF srgba(216,232,239,1)
         1: (217,232,239,255) #D9E8EF srgba(217,232,239,1)
         1: (219,234,240,255) #DBEAF0 srgba(219,234,240,1)
         1: (221,234,241,255) #DDEAF1 srgba(221,234,241,1)
         1: (222,235,242,255) #DEEBF2 srgba(222,235,242,1)
         1: (224,236,242,255) #E0ECF2 srgba(224,236,242,1)
         1: (224,237,243,255) #E0EDF3 srgba(224,237,243,1)
         1: (227,238,243,255) #E3EEF3 srgba(227,238,243,1)
         1: (227,238,244,255) #E3EEF4 srgba(227,238,244,1)
         1: (228,239,244,255) #E4EFF4 srgba(228,239,244,1)
         1: (230,240,245,255) #E6F0F5 srgba(230,240,245,1)
         1: (233,242,246,255) #E9F2F6 srgba(233,242,246,1)
         2: (234,243,246,255) #EAF3F6 srgba(234,243,246,1)
         1: (236,244,247,255) #ECF4F7 srgba(236,244,247,1)
         2: (238,245,248,255) #EEF5F8 srgba(238,245,248,1)
         1: (239,246,249,255) #EFF6F9 srgba(239,246,249,1)
         1: (240,246,249,255) #F0F6F9 srgba(240,246,249,1)
         2: (242,247,250,255) #F2F7FA srgba(242,247,250,1)
         1: (243,248,250,255) #F3F8FA srgba(243,248,250,1)
         1: (244,248,250,255) #F4F8FA srgba(244,248,250,1)
         1: (245,249,251,255) #F5F9FB srgba(245,249,251,1)
         1: (247,250,252,255) #F7FAFC srgba(247,250,252,1)
         2: (248,251,252,255) #F8FBFC srgba(248,251,252,1)
         1: (249,252,253,255) #F9FCFD srgba(249,252,253,1)
         1: (250,252,253,255) #FAFCFD srgba(250,252,253,1)
         1: (251,253,253,255) #FBFDFD srgba(251,253,253,1)
         3: (252,253,254,255) #FCFDFE srgba(252,253,254,1)
         3: (253,254,254,255) #FDFEFE srgba(253,254,254,1)
         3: (254,255,255,255) #FEFFFF srgba(254,255,255,1)
        77: (255,255,255,255) #FFFFFF white
